   Reading unformatted file WFN1
   Reading unformatted file WFN2
WFN1 has       10 k-points; WFN2 has       10 k-points
Using q-shift =     0.000000    0.000000    0.000000

k-point      1:     0.000000    0.125000    0.000000
Matches k-point      1 in WFN2:    0.000000    0.125000    0.000000
with symmetry operation   1 and Umklapp   0  0  0
    band 1       energy 1         band 2       energy 2          spin                Re overlap          Im overlap         |overlap|^2 
       1       -0.41188010           1       -0.41188010           1             1.000000000         0.000000000         1.000000000    
       1       -0.41188010           2        0.34152726           1            0.4970188164E-16    0.6088822226E-16    0.6177652649E-32
       1       -0.41188010           3        0.43781470           1           -0.3097027741E-15   -0.2310246365E-15    0.1492881909E-30
       1       -0.41188010           4        0.43781470           1           -0.9219080128E-16    0.4011992730E-16    0.1010875241E-31
       2        0.34152726           1       -0.41188010           1            0.4970188164E-16   -0.6088822226E-16    0.6177652649E-32
       2        0.34152726           2        0.34152726           1             1.000000000         0.000000000         1.000000000    
       2        0.34152726           3        0.43781470           1            0.4216551187E-16   -0.9714377350E-16    0.1121484312E-31
       2        0.34152726           4        0.43781470           1           -0.5106433414E-16   -0.2247781920E-16    0.3112818577E-32
       3        0.43781470           1       -0.41188010           1           -0.3097027741E-15    0.2310246365E-15    0.1492881909E-30
       3        0.43781470           2        0.34152726           1            0.4216551187E-16    0.9714377350E-16    0.1121484312E-31
       3        0.43781470           3        0.43781470           1             1.000000000         0.000000000         1.000000000    
       3        0.43781470           4        0.43781470           1           -0.1251408594E-15    0.7112353017E-16    0.2071879123E-31
       4        0.43781470           1       -0.41188010           1           -0.9219080128E-16   -0.4011992730E-16    0.1010875241E-31
       4        0.43781470           2        0.34152726           1           -0.5106433414E-16    0.2247781920E-16    0.3112818577E-32
       4        0.43781470           3        0.43781470           1           -0.1251408594E-15   -0.7112353017E-16    0.2071879123E-31
       4        0.43781470           4        0.43781470           1             1.000000000         0.000000000         1.000000000    

k-point      2:     0.125000    0.250000    0.000000
Matches k-point      2 in WFN2:    0.125000    0.250000    0.000000
with symmetry operation   1 and Umklapp   0  0  0
    band 1       energy 1         band 2       energy 2          spin                Re overlap          Im overlap         |overlap|^2 
       1       -0.37178556           1       -0.37178556           1             1.000000000         0.000000000         1.000000000    
       1       -0.37178556           2        0.22178285           1           -0.2384525182E-15    0.1063565505E-16    0.5697272059E-31
       1       -0.37178556           3        0.36022909           1           -0.1211161828E-15    0.2949490525E-15    0.1016640733E-30
       1       -0.37178556           4        0.36682580           1           -0.1180782271E-15   -0.3508882374E-17    0.1395477998E-31
       2        0.22178285           1       -0.37178556           1           -0.2384525182E-15   -0.1063565505E-16    0.5697272059E-31
       2        0.22178285           2        0.22178285           1             1.000000000         0.000000000         1.000000000    
       2        0.22178285           3        0.36022909           1            0.1435369327E-15   -0.3914553898E-15    0.1738401733E-30
       2        0.22178285           4        0.36682580           1           -0.9504768459E-16    0.1567503290E-16    0.9279769003E-32
       3        0.36022909           1       -0.37178556           1           -0.1211161828E-15   -0.2949490525E-15    0.1016640733E-30
       3        0.36022909           2        0.22178285           1            0.1435369327E-15    0.3914553898E-15    0.1738401733E-30
       3        0.36022909           3        0.36022909           1             1.000000000         0.000000000         1.000000000    
       3        0.36022909           4        0.36682580           1            0.7482164954E-16    0.5709140700E-16    0.8857707994E-32
       4        0.36682580           1       -0.37178556           1           -0.1180782271E-15    0.3508882374E-17    0.1395477998E-31
       4        0.36682580           2        0.22178285           1           -0.9504768459E-16   -0.1567503290E-16    0.9279769003E-32
       4        0.36682580           3        0.36022909           1            0.7482164954E-16   -0.5709140700E-16    0.8857707994E-32
       4        0.36682580           4        0.36682580           1             1.000000000         0.000000000         1.000000000    

k-point      3:     0.250000    0.375000    0.000000
Matches k-point      3 in WFN2:    0.250000    0.375000    0.000000
with symmetry operation   1 and Umklapp   0  0  0
    band 1       energy 1         band 2       energy 2          spin                Re overlap          Im overlap         |overlap|^2 
       1       -0.29313438           1       -0.29313438           1             1.000000000         0.000000000         1.000000000    
       1       -0.29313438           2        0.96327330E-01       1           -0.1786565085E-15   -0.1570399911E-16    0.3216476363E-31
       1       -0.29313438           3        0.25845690           1           -0.3147270294E-15   -0.1593826361E-15    0.1244559277E-30
       1       -0.29313438           4        0.29339901           1           -0.4199891108E-16    0.2626479763E-16    0.2453748126E-32
       2        0.96327330E-01       1       -0.29313438           1           -0.1786565085E-15    0.1570399911E-16    0.3216476363E-31
       2        0.96327330E-01       2        0.96327330E-01       1             1.000000000         0.000000000         1.000000000    
       2        0.96327330E-01       3        0.25845690           1            0.4104650773E-15    0.5051613342E-16    0.1710334594E-30
       2        0.96327330E-01       4        0.29339901           1           -0.8239993173E-17   -0.1668334725E-16    0.3462315630E-33
       3        0.25845690           1       -0.29313438           1           -0.3147270294E-15    0.1593826361E-15    0.1244559277E-30
       3        0.25845690           2        0.96327330E-01       1            0.4104650773E-15   -0.5051613342E-16    0.1710334594E-30
       3        0.25845690           3        0.25845690           1             1.000000000         0.000000000         1.000000000    
       3        0.25845690           4        0.29339901           1            0.4279530403E-16   -0.7369193259E-17    0.1885743056E-32
       4        0.29339901           1       -0.29313438           1           -0.4199891108E-16   -0.2626479763E-16    0.2453748126E-32
       4        0.29339901           2        0.96327330E-01       1           -0.8239993173E-17    0.1668334725E-16    0.3462315630E-33
       4        0.29339901           3        0.25845690           1            0.4279530403E-16    0.7369193259E-17    0.1885743056E-32
       4        0.29339901           4        0.29339901           1             1.000000000         0.000000000         1.000000000    

k-point      4:     0.375000    0.500000    0.000000
Matches k-point      4 in WFN2:    0.375000    0.500000    0.000000
with symmetry operation   1 and Umklapp   0  0  0
    band 1       energy 1         band 2       energy 2          spin                Re overlap          Im overlap         |overlap|^2 
       1       -0.18092085           1       -0.18092085           1             1.000000000         0.000000000         1.000000000    
       1       -0.18092085           2       -0.43632010E-01       1            0.3364266636E-16    0.1618090017E-16    0.1393650530E-32
       1       -0.18092085           3        0.20010889           1            0.4077530581E-16   -0.4249590435E-16    0.3468527451E-32
       1       -0.18092085           4        0.25774946           1           -0.1623802162E-15    0.1342446636E-16    0.2654755092E-31
       2       -0.43632010E-01       1       -0.18092085           1            0.3364266636E-16   -0.1618090017E-16    0.1393650530E-32
       2       -0.43632010E-01       2       -0.43632010E-01       1             1.000000000         0.000000000         1.000000000    
       2       -0.43632010E-01       3        0.20010889           1            0.7782485780E-16   -0.1707626495E-15    0.3521659095E-31
       2       -0.43632010E-01       4        0.25774946           1           -0.3025280742E-16   -0.2581968181E-17    0.9218989162E-33
       3        0.20010889           1       -0.18092085           1            0.4077530581E-16    0.4249590435E-16    0.3468527451E-32
       3        0.20010889           2       -0.43632010E-01       1            0.7782485780E-16    0.1707626495E-15    0.3521659095E-31
       3        0.20010889           3        0.20010889           1             1.000000000         0.000000000         1.000000000    
       3        0.20010889           4        0.25774946           1           -0.6624174180E-16   -0.1301655118E-15    0.2133102881E-31
       4        0.25774946           1       -0.18092085           1           -0.1623802162E-15   -0.1342446636E-16    0.2654755092E-31
       4        0.25774946           2       -0.43632010E-01       1           -0.3025280742E-16    0.2581968181E-17    0.9218989162E-33
       4        0.25774946           3        0.20010889           1           -0.6624174180E-16    0.1301655118E-15    0.2133102881E-31
       4        0.25774946           4        0.25774946           1             1.000000000         0.000000000         1.000000000    

k-point      5:     0.125000    0.375000    0.125000
Matches k-point      5 in WFN2:    0.125000    0.375000    0.125000
with symmetry operation   1 and Umklapp   0  0  0
    band 1       energy 1         band 2       energy 2          spin                Re overlap          Im overlap         |overlap|^2 
       1       -0.33365065           1       -0.33365065           1             1.000000000         0.000000000         1.000000000    
       1       -0.33365065           2        0.11692676           1            0.9835333655E-16   -0.2592114710E-16    0.1034528468E-31
       1       -0.33365065           3        0.28594638           1           -0.2130872021E-15   -0.1377534190E-16    0.4559591576E-31
       1       -0.33365065           4        0.40157044           1           -0.3877158386E-15   -0.2097543091E-17    0.1503279712E-30
       2        0.11692676           1       -0.33365065           1            0.9835333655E-16    0.2592114710E-16    0.1034528468E-31
       2        0.11692676           2        0.11692676           1             1.000000000         0.000000000         1.000000000    
       2        0.11692676           3        0.28594638           1            0.3395908610E-16    0.4506834672E-16    0.3184375405E-32
       2        0.11692676           4        0.40157044           1           -0.1437525026E-15   -0.7457278068E-17    0.2072039299E-31
       3        0.28594638           1       -0.33365065           1           -0.2130872021E-15    0.1377534190E-16    0.4559591576E-31
       3        0.28594638           2        0.11692676           1            0.3395908610E-16   -0.4506834672E-16    0.3184375405E-32
       3        0.28594638           3        0.28594638           1             1.000000000         0.000000000         1.000000000    
       3        0.28594638           4        0.40157044           1           -0.1369103491E-15    0.2767046204E-16    0.1951009816E-31
       4        0.40157044           1       -0.33365065           1           -0.3877158386E-15    0.2097543091E-17    0.1503279712E-30
       4        0.40157044           2        0.11692676           1           -0.1437525026E-15    0.7457278068E-17    0.2072039299E-31
       4        0.40157044           3        0.28594638           1           -0.1369103491E-15   -0.2767046204E-16    0.1951009816E-31
       4        0.40157044           4        0.40157044           1             1.000000000         0.000000000         1.000000000    

k-point      6:     0.250000    0.500000    0.125000
Matches k-point      6 in WFN2:    0.250000    0.500000    0.125000
with symmetry operation   1 and Umklapp   0  0  0
    band 1       energy 1         band 2       energy 2          spin                Re overlap          Im overlap         |overlap|^2 
       1       -0.26085221           1       -0.26085221           1             1.000000000         0.000000000         1.000000000    
       1       -0.26085221           2        0.27563736E-01       1            0.5988112656E-16    0.3101201694E-16    0.4547494512E-32
       1       -0.26085221           3        0.20994680           1            0.1492546168E-16    0.2022921142E-16    0.6319904013E-33
       1       -0.26085221           4        0.31417143           1            0.1603322196E-16    0.4317141644E-17    0.2757019184E-33
       2        0.27563736E-01       1       -0.26085221           1            0.5988112656E-16   -0.3101201694E-16    0.4547494512E-32
       2        0.27563736E-01       2        0.27563736E-01       1             1.000000000         0.000000000         1.000000000    
       2        0.27563736E-01       3        0.20994680           1            0.7989029470E-16   -0.1369849476E-16    0.6570107946E-32
       2        0.27563736E-01       4        0.31417143           1            0.2989332796E-16   -0.5694031750E-17    0.9260330538E-33
       3        0.20994680           1       -0.26085221           1            0.1492546168E-16   -0.2022921142E-16    0.6319904013E-33
       3        0.20994680           2        0.27563736E-01       1            0.7989029470E-16    0.1369849476E-16    0.6570107946E-32
       3        0.20994680           3        0.20994680           1             1.000000000         0.000000000         1.000000000    
       3        0.20994680           4        0.31417143           1           -0.1169384041E-15   -0.1151144576E-16    0.1380710373E-31
       4        0.31417143           1       -0.26085221           1            0.1603322196E-16   -0.4317141644E-17    0.2757019184E-33
       4        0.31417143           2        0.27563736E-01       1            0.2989332796E-16    0.5694031750E-17    0.9260330538E-33
       4        0.31417143           3        0.20994680           1           -0.1169384041E-15    0.1151144576E-16    0.1380710373E-31
       4        0.31417143           4        0.31417143           1             1.000000000         0.000000000         1.000000000    

k-point      7:     0.375000    0.625000    0.125000
Matches k-point      7 in WFN2:    0.375000    0.625000    0.125000
with symmetry operation   1 and Umklapp   0  0  0
    band 1       energy 1         band 2       energy 2          spin                Re overlap          Im overlap         |overlap|^2 
       1       -0.16698280           1       -0.16698280           1             1.000000000         0.000000000         1.000000000    
       1       -0.16698280           2       -0.51694133E-01       1            0.1259082712E-16    0.2798542595E-16    0.9417129931E-33
       1       -0.16698280           3        0.15275473           1            0.3436211497E-16   -0.4911647930E-16    0.3593183484E-32
       1       -0.16698280           4        0.23597640           1            0.3868333296E-17   -0.4448355650E-17    0.3475187047E-34
       2       -0.51694133E-01       1       -0.16698280           1            0.1259082712E-16   -0.2798542595E-16    0.9417129931E-33
       2       -0.51694133E-01       2       -0.51694133E-01       1             1.000000000         0.000000000         1.000000000    
       2       -0.51694133E-01       3        0.15275473           1            0.2320105828E-15    0.1298398541E-15    0.7068729825E-31
       2       -0.51694133E-01       4        0.23597640           1            0.2139393467E-17    0.2084434263E-16    0.4390636241E-33
       3        0.15275473           1       -0.16698280           1            0.3436211497E-16    0.4911647930E-16    0.3593183484E-32
       3        0.15275473           2       -0.51694133E-01       1            0.2320105828E-15   -0.1298398541E-15    0.7068729825E-31
       3        0.15275473           3        0.15275473           1             1.000000000         0.000000000         1.000000000    
       3        0.15275473           4        0.23597640           1           -0.4436679168E-16    0.5982675763E-16    0.5547653133E-32
       4        0.23597640           1       -0.16698280           1            0.3868333296E-17    0.4448355650E-17    0.3475187047E-34
       4        0.23597640           2       -0.51694133E-01       1            0.2139393467E-17   -0.2084434263E-16    0.4390636241E-33
       4        0.23597640           3        0.15275473           1           -0.4436679168E-16   -0.5982675763E-16    0.5547653133E-32
       4        0.23597640           4        0.23597640           1             1.000000000         0.000000000         1.000000000    

k-point      8:     0.250000    0.625000    0.250000
Matches k-point      8 in WFN2:    0.250000    0.625000    0.250000
with symmetry operation   1 and Umklapp   0  0  0
    band 1       energy 1         band 2       energy 2          spin                Re overlap          Im overlap         |overlap|^2 
       1       -0.20741663           1       -0.20741663           1             1.000000000         0.000000000         1.000000000    
       1       -0.20741663           2       -0.32268869E-01       1           -0.7382495646E-16   -0.1126939220E-15    0.1815004425E-31
       1       -0.20741663           3        0.15885945           1            0.1250440329E-15    0.5409364159E-18    0.1563630278E-31
       1       -0.20741663           4        0.31773178           1           -0.1186027217E-16   -0.2285642614E-16    0.6630822718E-33
       2       -0.32268869E-01       1       -0.20741663           1           -0.7382495646E-16    0.1126939220E-15    0.1815004425E-31
       2       -0.32268869E-01       2       -0.32268869E-01       1             1.000000000         0.000000000         1.000000000    
       2       -0.32268869E-01       3        0.15885945           1            0.1786159552E-15   -0.8698271994E-16    0.3946965301E-31
       2       -0.32268869E-01       4        0.31773178           1            0.9244440226E-16    0.1608246752E-15    0.3441054366E-31
       3        0.15885945           1       -0.20741663           1            0.1250440329E-15   -0.5409364159E-18    0.1563630278E-31
       3        0.15885945           2       -0.32268869E-01       1            0.1786159552E-15    0.8698271994E-16    0.3946965301E-31
       3        0.15885945           3        0.15885945           1             1.000000000         0.000000000         1.000000000    
       3        0.15885945           4        0.31773178           1            0.2621531507E-16    0.6205709313E-16    0.4538325552E-32
       4        0.31773178           1       -0.20741663           1           -0.1186027217E-16    0.2285642614E-16    0.6630822718E-33
       4        0.31773178           2       -0.32268869E-01       1            0.9244440226E-16   -0.1608246752E-15    0.3441054366E-31
       4        0.31773178           3        0.15885945           1            0.2621531507E-16   -0.6205709313E-16    0.4538325552E-32
       4        0.31773178           4        0.31773178           1             1.000000000         0.000000000         1.000000000    

k-point      9:     0.000000    0.375000    0.000000
Matches k-point      9 in WFN2:    0.000000    0.375000    0.000000
with symmetry operation   1 and Umklapp   0  0  0
    band 1       energy 1         band 2       energy 2          spin                Re overlap          Im overlap         |overlap|^2 
       1       -0.30023819           1       -0.30023819           1             1.000000000         0.000000000         1.000000000    
       1       -0.30023819           2        0.16932878E-01       1            0.1458672791E-15    0.4018650542E-16    0.2289221834E-31
       1       -0.30023819           3        0.37801476           1           -0.4668323489E-16    0.1547265820E-16    0.2418727572E-32
       1       -0.30023819           4        0.37801476           1           -0.2307439509E-16   -0.5313900899E-17    0.5606652517E-33
       2        0.16932878E-01       1       -0.30023819           1            0.1458672791E-15   -0.4018650542E-16    0.2289221834E-31
       2        0.16932878E-01       2        0.16932878E-01       1             1.000000000         0.000000000         1.000000000    
       2        0.16932878E-01       3        0.37801476           1            0.3536211346E-16   -0.1400847573E-16    0.1446716461E-32
       2        0.16932878E-01       4        0.37801476           1           -0.4426516097E-16   -0.3225297646E-16    0.2999658966E-32
       3        0.37801476           1       -0.30023819           1           -0.4668323489E-16   -0.1547265820E-16    0.2418727572E-32
       3        0.37801476           2        0.16932878E-01       1            0.3536211346E-16    0.1400847573E-16    0.1446716461E-32
       3        0.37801476           3        0.37801476           1             1.000000000         0.000000000         1.000000000    
       3        0.37801476           4        0.37801476           1            0.1555573857E-16   -0.5686941323E-16    0.3476111164E-32
       4        0.37801476           1       -0.30023819           1           -0.2307439509E-16    0.5313900899E-17    0.5606652517E-33
       4        0.37801476           2        0.16932878E-01       1           -0.4426516097E-16    0.3225297646E-16    0.2999658966E-32
       4        0.37801476           3        0.37801476           1            0.1555573857E-16    0.5686941323E-16    0.3476111164E-32
       4        0.37801476           4        0.37801476           1             1.000000000         0.000000000         1.000000000    

k-point     10:     0.125000    0.500000    0.000000
Matches k-point     10 in WFN2:    0.125000    0.500000    0.000000
with symmetry operation   1 and Umklapp   0  0  0
    band 1       energy 1         band 2       energy 2          spin                Re overlap          Im overlap         |overlap|^2 
       1       -0.24509467           1       -0.24509467           1             1.000000000         0.000000000         1.000000000    
       1       -0.24509467           2       -0.42940908E-01       1            0.4081066944E-16   -0.1176160834E-15    0.1549905381E-31
       1       -0.24509467           3        0.28914392           1            0.1189884620E-15    0.4594951907E-16    0.1626961240E-31
       1       -0.24509467           4        0.34218007           1           -0.5161350265E-16    0.5008356925E-17    0.2689037295E-32
       2       -0.42940908E-01       1       -0.24509467           1            0.4081066944E-16    0.1176160834E-15    0.1549905381E-31
       2       -0.42940908E-01       2       -0.42940908E-01       1             1.000000000         0.000000000         1.000000000    
       2       -0.42940908E-01       3        0.28914392           1            0.2286835433E-16    0.6475831580E-16    0.4716601094E-32
       2       -0.42940908E-01       4        0.34218007           1           -0.5664408427E-16   -0.2609954679E-16    0.3889738625E-32
       3        0.28914392           1       -0.24509467           1            0.1189884620E-15   -0.4594951907E-16    0.1626961240E-31
       3        0.28914392           2       -0.42940908E-01       1            0.2286835433E-16   -0.6475831580E-16    0.4716601094E-32
       3        0.28914392           3        0.28914392           1             1.000000000         0.000000000         1.000000000    
       3        0.28914392           4        0.34218007           1            0.6752250194E-16    0.2293468760E-16    0.5085288163E-32
       4        0.34218007           1       -0.24509467           1           -0.5161350265E-16   -0.5008356925E-17    0.2689037295E-32
       4        0.34218007           2       -0.42940908E-01       1           -0.5664408427E-16    0.2609954679E-16    0.3889738625E-32
       4        0.34218007           3        0.28914392           1            0.6752250194E-16   -0.2293468760E-16    0.5085288163E-32
       4        0.34218007           4        0.34218007           1             1.000000000         0.000000000         1.000000000    
